01234567X -> 0193567X

# Step1: Mark steps

0123456[7]X
0193567[ ]X
actions = [-7(X)]

012345[6]7X
019356[7] X
actions = [-7(X),-6(7),+7(X)]

01234[5]67X
01935[6]7 X
actions = [-7(X),-6(7),+7(X),-5(6),+6(7)]

0123[4]567X
0193[5]67 X
actions = [-7(X),-6(7),+7(X),-5(6),+6(7),-4(5),+5(6)]

012[3]4567X
019[3]567 X
actions = [-7(X),-6(7),+7(X),-5(6),+6(7),-4(5),+5(6),-3(4),+3(5)]

01[2]34567X
01[9]3567 X
actions = [-7(X),-6(7),+7(X),-5(6),+6(7),-4(5),+5(6),-3(4),+3(5),-2(3),+9(3)]

0[1]234567X
0[1]93567 X
actions = [-7(X),-6(7),+7(X),-5(6),+6(7),-4(5),+5(6),-3(4),+3(5),-2(3),+9(3),-1(2),+1(9)]

[0]1234567X
[0]193567 X
actions = [-7(X),-6(7),+7(X),-5(6),+6(7),-4(5),+5(6),-3(4),+3(5),-2(3),+9(3),-1(2),+1(9),-0(1),+0(1)]

# Step 2: Apply marker changes down the chain (-A(B) means all mentions of A as a marker should become B, +A(B) means all mentions of B as a marker needs to become A)

actions = [-7(X),-6(X),+7(X),-5(7),+6(7),-4(6),+5(6),-3(5),+3(5),-2(3),+9(3),-1(9),+1(9),-0(1),+0(1)]

# Step 3: Reduction of the number of steps by removing useless actions

actions = [-7(X),-6(X),+7(X),-5(7),+6(7),-4(6),+5(6),-3(5),+3(5),-2(3),+9(3),-1(9),+1(9),-0(1),+0(1)]
X: -7 -6 +7
actions = [-6(7),-5(7),+6(7),-4(6),+5(6),-3(5),+3(5),-2(3),+9(3),-1(9),+1(9),-0(1),+0(1)]


actions = [-6(7),-5(7),+6(7),-4(6),+5(6),-3(5),+3(5),-2(3),+9(3),-1(9),+1(9),-0(1),+0(1)]
7: -6 -5 +6
actions = [-5(6),-4(6),+5(6),-3(5),+3(5),-2(3),+9(3),-1(9),+1(9),-0(1),+0(1)]


actions = [-5(6),-4(6),+5(6),-3(5),+3(5),-2(3),+9(3),-1(9),+1(9),-0(1),+0(1)]
6: -5 -4 +5
actions = [-4(5),-3(5),+3(5),-2(3),+9(3),-1(9),+1(9),-0(1),+0(1)]


actions = [-4(5),-3(5),+3(5),-2(3),+9(3),-1(9),+1(9),-0(1),+0(1)]
5: -4 -3 +3
actions = [-4(5),-2(3),+9(3),-1(9),+1(9),-0(1),+0(1)]


actions = [-4(5),-2(3),+9(3),-1(9),+1(9),-0(1),+0(1)]
3: -2 +9
actions = [-4(5),-2(3),+9(3),-1(9),+1(9),-0(1),+0(1)]


actions = [-4(5),-2(3),+9(3),-1(9),+1(9),-0(1),+0(1)]
9: -1 +1
actions = [-4(5),-2(3),+9(3),-0(1),+0(1)]


actions = [-4(5),-2(3),+9(3),-0(1),+0(1)]
1: -0 +0
actions = [-4(5),-2(3),+9(3)]

0193567X -> 0193567X
